-0.3854201138019562 -1.0082896947860718 4.765993118286133
0.5104696750640869 0.2065204381942749 0.5161319375038147
0.9738521575927734 0.7154697775840759 0.6214931011199951
0.3608672618865967 0.190409317612648 0.5186676979064941
0.2446964681148529 0.3237314224243164 0.5226707458496094
-0.4364941120147705 -0.032040055841207504 0.46828317642211914
1.0736769437789917 1.087170958518982 0.6559963822364807
-0.013104625046253204 0.20275044441223145 0.5175859928131104
-0.9946578145027161 0.660800576210022 0.43344953656196594
-0.1701737344264984 0.5517899394035339 0.4953145384788513
-1.671505331993103 0.06296969950199127 0.4396474361419678
-1.0736074447631836 0.015884457156062126 0.39584603905677795
0.9811006784439087 0.6195064187049866 0.5999207496643066
-1.489107608795166 0.2924465537071228 0.43751224875450134
-0.522462010383606 0.2764010727405548 0.44707176089286804
0.6465014815330505 0.09699994325637817 0.504599928855896
-1.521204948425293 0.8234336972236633 0.5277522802352905
-0.6808982491493225 0.4055432081222534 0.415988951921463
-0.36598002910614014 0.22223368287086487 0.472333699464798
-1.2098150253295898 0.31479042768478394 0.41064321994781494
-1.1198838949203491 0.2552173435688019 0.4023047089576721
-0.9127594828605652 -0.12597917020320892 0.4056256413459778
-0.7613158822059631 0.5423287153244019 0.4046335220336914
-1.628374457359314 0.2763061821460724 0.45520898699760437
-0.8726216554641724 0.32558900117874146 0.39858874678611755
-0.6984543800354004 0.8110870122909546 0.46175816655158997
-0.46229150891304016 0.76072096824646 0.4651990532875061
-1.1902974843978882 0.2653513252735138 0.4042157232761383
0.634658932685852 0.9333626627922058 0.6248098611831665
0.27024999260902405 0.41496333479881287 0.528275728225708
0.11123050004243851 0.8612123727798462 0.5475788116455078
1.0650849342346191 0.4044414460659027 0.5358548164367676
-0.38621121644973755 0.3919523060321808 0.46441173553466797
-1.7235534191131592 0.8039819598197937 0.5407740473747253
-1.3141562938690186 0.3680899143218994 0.425519734621048
-0.43389737606048584 0.4369286894798279 0.45576074719429016
0.2245440036058426 0.6420606970787048 0.5440073013305664
-1.1095362901687622 0.044484205543994904 0.394339919090271
-1.4972925186157227 0.027797451242804527 0.4113381803035736
-0.06296099722385406 1.0272778272628784 0.5276033878326416
-1.2375918626785278 0.13417357206344604 0.39406296610832214
0.06563273817300797 0.43773582577705383 0.5250365138053894
-0.3426263928413391 -0.08781643211841583 0.48283568024635315
0.24808749556541443 0.7362699508666992 0.5540005564689636
-0.3053950071334839 0.24965231120586395 0.4797082245349884
0.13154436647891998 0.28642982244491577 0.5229701995849609
-0.878682553768158 -0.06742354482412338 0.4074629247188568
-0.28763315081596375 0.1560533195734024 0.48434972763061523
-0.75100177526474 0.1452430635690689 0.41599345207214355
-1.743631362915039 -0.006349425762891769 0.44408920407295227
-1.3579140901565552 0.9948012828826904 0.5320218205451965
-0.47156399488449097 0.657962441444397 0.45162880420684814
-0.3633367419242859 0.7031210660934448 0.4702300429344177
-0.3053950071334839 0.24965231120586395 0.4797082245349884
-1.0545167922973633 -0.09854629635810852 0.3961721360683441
-0.404900461435318 -0.05739405378699303 0.47350117564201355
-0.707661509513855 1.0270920991897583 0.5131657123565674
-0.9023643732070923 0.24810247123241425 0.4014372229576111
0.7411072254180908 0.7148092985153198 0.5969537496566772
-1.2551368474960327 0.9439951777458191 0.5225938558578491
0.801865816116333 0.7644742131233215 0.6099392771720886
-0.6348620057106018 -0.15446354448795319 0.4398326873779297
-0.49325114488601685 1.0813183784484863 0.5022888779640198
-1.2447420358657837 0.3389419615268707 0.4153112471103668
1.092117190361023 0.5874214768409729 0.5997614860534668
-0.33249884843826294 0.7528432011604309 0.4786747992038727
0.6260089874267578 0.2145436704158783 0.5126567482948303
0.1874542534351349 0.6988406777381897 0.5453455448150635
-1.5161159038543701 0.952261209487915 0.5428628325462341
0.16246886551380157 0.560135543346405 0.5340110063552856
-0.4506307542324066 0.8353629112243652 0.47558334469795227
-0.8931967616081238 0.6255744695663452 0.41115227341651917
0.5419352650642395 0.6673309803009033 0.5686177015304565
-0.028134498745203018 0.8628981709480286 0.528411865234375
0.2526906132698059 0.22950604557991028 0.5212224721908569
-0.029877373948693275 0.2963894307613373 0.5137125253677368
0.5233834981918335 0.1572064459323883 0.5138075351715088
0.08509524911642075 0.533420205116272 0.528659999370575
0.001773875206708908 0.4602704644203186 0.5188990235328674
0.7069990038871765 0.5734803676605225 0.5657567977905273
0.06436799466609955 0.24686384201049805 0.5234407186508179
-1.3183268308639526 0.8810448050498962 0.5222843289375305
-1.280609130859375 0.4882609248161316 0.4444270431995392
0.9233880043029785 0.8904354572296143 0.631190299987793
-1.143573522567749 -0.01686004176735878 0.3915901780128479
-0.669806718826294 0.011424451135098934 0.43199920654296875
-0.7742601633071899 0.43908822536468506 0.3994767665863037
-0.18298950791358948 0.26897144317626953 0.4947432279586792
-0.6898788809776306 0.17420856654644012 0.4244537055492401
-1.313084602355957 0.8920750021934509 0.5225398540496826
-1.2326325178146362 0.6118974685668945 0.4620837867259979
-0.2955315113067627 0.5341343283653259 0.4761097729206085
-0.46143999695777893 1.054502248764038 0.4963807463645935
0.5157870054244995 0.8787730932235718 0.6041412949562073
1.0597879886627197 0.4952881932258606 0.5684765577316284
-1.5190024375915527 0.5677561163902283 0.4884210228919983
-0.1686486303806305 0.3636223077774048 0.4952889680862427
-1.4828071594238281 -0.07687054574489594 0.40175914764404297
0.5681500434875488 0.5299715995788574 0.5484809875488281
0.40285077691078186 0.23949556052684784 0.519064724445343
-1.1607937812805176 -0.06089803948998451 0.3899681866168976
-1.485689401626587 -0.0837927907705307 0.4018251895904541
0.7283863425254822 0.43689998984336853 0.5404539704322815
-0.504235029220581 0.18219219148159027 0.452923983335495
-1.4356023073196411 0.386870801448822 0.4443639814853668
-0.31338897347450256 0.6292087435722351 0.47441601753234863
-1.4534692764282227 0.3468951880931854 0.4406932592391968
0.904375433921814 -0.04968618229031563 0.48329266905784607
-0.05980999767780304 0.24664293229579926 0.5107681751251221
-0.914216160774231 0.9592291712760925 0.5079195499420166
0.445592999458313 0.45890742540359497 0.5350342988967896
-0.5720100998878479 0.38722968101501465 0.43470001220703125
-0.8912899494171143 0.42547842860221863 0.398027241230011
-1.3922046422958374 -0.1392720490694046 0.3893556594848633
-0.029370000585913658 0.48194456100463867 0.514981746673584
-0.04473962262272835 0.5282449722290039 0.5136758089065552
-0.7453919649124146 -0.06542642414569855 0.4215696454048157
-1.2982735633850098 -0.031088165938854218 0.38400718569755554
-0.8984484672546387 0.045029085129499435 0.40495020151138306
-1.2969129085540771 0.38786780834198 0.4268140196800232
-1.4509879350662231 0.5511031746864319 0.47753003239631653
-0.0913388729095459 0.30427345633506775 0.5058339834213257
0.9369155168533325 1.061432123184204 0.6484983563423157
-1.6100540161132812 -0.20620355010032654 0.41259416937828064
-0.68425053358078 -0.032026298344135284 0.4304426610469818
0.41558948159217834 0.9422674179077148 0.595232367515564
1.0367465019226074 0.10011869668960571 0.4861217141151428
0.44632574915885925 0.12754282355308533 0.5153529644012451
-0.13894188404083252 0.6003547310829163 0.5010397434234619
-0.3230315148830414 1.043613314628601 0.4999498426914215
-1.3128763437271118 -0.1427745372056961 0.38112664222717285
-1.5716274976730347 0.41354143619537354 0.46661651134490967
-0.01297262404114008 0.5764694213867188 0.5197660326957703
-0.1528729945421219 0.31791505217552185 0.49782222509384155
0.8729086518287659 1.0446773767471313 0.6445990800857544
0.6531772613525391 0.29254794120788574 0.5175769925117493
-1.547745943069458 -0.1460949182510376 0.40702614188194275
0.46223899722099304 0.011799936182796955 0.5167621374130249
-0.5337719917297363 0.13209132850170135 0.44988569617271423
-1.2701722383499146 0.8336572051048279 0.5141208171844482
0.6709116697311401 0.5956119298934937 0.5671937465667725
-0.09176412969827652 0.49052542448043823 0.5060927867889404
-1.099385380744934 0.8256529569625854 0.49349507689476013
-1.0736162662506104 0.33110642433166504 0.40669873356819153
0.08018700778484344 0.1499229371547699 0.5248134732246399
0.2879771292209625 0.2062341868877411 0.5203742384910583
-1.7055482864379883 0.6003948450088501 0.5142905712127686
0.5748568773269653 0.27155569195747375 0.5177246928215027
1.0779041051864624 0.8715470433235168 0.6420425772666931
0.05077849701046944 1.000693440437317 0.5407208204269409
-0.8795612454414368 0.9322788715362549 0.49911609292030334
-0.5848464965820312 0.29006147384643555 0.43669822812080383
0.8671147227287292 0.9466529488563538 0.6333848237991333
-0.20451638102531433 -0.12026256322860718 0.5018409490585327
0.5833210945129395 0.17163030803203583 0.5117077231407166
-0.2045576274394989 0.7684314846992493 0.4985837936401367
0.48846572637557983 0.5052028894424438 0.5416277647018433
-1.353947401046753 0.9466474652290344 0.5291023254394531
-0.9296632409095764 0.848484992980957 0.4806385636329651
-1.334282398223877 0.01284808199852705 0.3877629339694977
0.5501620173454285 -0.027079561725258827 0.5138054490089417
0.5680246353149414 0.7622005939483643 0.5892273187637329
-0.5792267322540283 0.09848883002996445 0.4438127279281616
0.21137699484825134 0.17795506119728088 0.521649956703186
-0.013532500714063644 0.9727209210395813 0.53228759765625
-0.7081400752067566 0.26962995529174805 0.4178912043571472
-1.2143038511276245 -0.00525254150852561 0.38776668906211853
-0.5905208587646484 -0.06625168025493622 0.44528090953826904
-1.3401236534118652 0.8652681708335876 0.5230253338813782
0.631195068359375 0.972150444984436 0.6285511255264282
0.8850970268249512 0.11313293874263763 0.49313145875930786
-0.31818273663520813 0.8267784714698792 0.48632434010505676
0.7875897288322449 0.8885026574134827 0.6228600740432739
-1.4545141458511353 -0.19938606023788452 0.3949233889579773
0.5580287575721741 1.07011878490448 0.6277838945388794
1.025181531906128 0.5172352194786072 0.573916494846344
0.0964917466044426 0.30787643790245056 0.523023247718811
0.5374118089675903 0.9868453741073608 0.6172728538513184
-0.50291508436203 0.9149138331413269 0.4830663204193115
-1.4534692764282227 0.3468951880931854 0.4406932592391968
-0.7217962145805359 0.9850824475288391 0.5043591260910034
-0.2577703595161438 1.0308623313903809 0.5063318610191345
-0.5116113424301147 0.8091192841529846 0.46973979473114014
-0.9418275952339172 0.5012450218200684 0.405626505613327
-0.38963252305984497 1.0182132720947266 0.4916318655014038
0.4867889881134033 0.73643958568573 0.5767548084259033
0.867929995059967 1.0052921772003174 0.640500009059906
-1.1775568723678589 -0.17734955251216888 0.38693466782569885
0.4353794753551483 0.8892118334770203 0.5941553115844727
0.39509522914886475 0.33288994431495667 0.5228760242462158
-0.08277200162410736 -0.10495756566524506 0.5173991918563843
-0.9650200605392456 -0.17177842557430267 0.40204840898513794
0.7210527658462524 0.5277678370475769 0.557665228843689
-0.8756580352783203 0.7260447144508362 0.4345952868461609
-0.13168250024318695 0.024023689329624176 0.5073177218437195
-1.2510250806808472 0.02455020882189274 0.38683366775512695
-1.4338593482971191 0.9540563225746155 0.5362175703048706
-0.6173880100250244 0.7385539412498474 0.44893330335617065
-0.7128865122795105 0.4677194356918335 0.40950727462768555
-0.3510362505912781 0.8505991697311401 0.4836823046207428
-0.39879849553108215 0.7844999432563782 0.47275829315185547
-0.2791750133037567 0.4870781898498535 0.47865527868270874
-0.761136531829834 0.8219649791717529 0.46230506896972656
0.29357123374938965 0.9873541593551636 0.578869104385376
0.4076782464981079 0.7463740110397339 0.5706655979156494
0.45009052753448486 0.7949813008308411 0.5825390815734863
-1.54288911819458 0.9776539206504822 0.5466058254241943
-1.0200740098953247 -0.039568670094013214 0.39862215518951416
0.8976324796676636 0.7373513579368591 0.6164562702178955
-0.44207286834716797 0.1750289350748062 0.4627242088317871
-1.2222942113876343 0.21312445402145386 0.3992154896259308
-0.9104902148246765 0.7499781847000122 0.44721880555152893
0.7963013648986816 0.5179041624069214 0.5604207515716553
-1.68268620967865 0.2316126823425293 0.45715147256851196
0.4759761095046997 0.22938832640647888 0.517562210559845
-1.09507155418396 0.15155895054340363 0.3983977138996124
-1.7074884176254272 -0.16673503816127777 0.425526887178421
0.47206801176071167 0.8312097191810608 0.5908597707748413
-1.351282000541687 0.7205610871315002 0.5002577900886536
-1.4763169288635254 -0.1685657948255539 0.3982366621494293
0.11799249053001404 0.39950868487358093 0.5252907276153564
-0.2166067510843277 0.478261798620224 0.4878537952899933
0.750386118888855 0.6202366948127747 0.5792640447616577
-0.46604421734809875 -0.09060605615377426 0.46482768654823303
1.1152241230010986 0.8323543071746826 0.6434445381164551
-0.3760730028152466 0.6022611856460571 0.4644392728805542
0.23973548412322998 0.5507543683052063 0.5369117259979248
0.7445160746574402 0.07062006741762161 0.4967856705188751
-0.8987846374511719 1.0429210662841797 0.5292519330978394
-0.10737250000238419 0.5370266437530518 0.5044795274734497
-1.4198322296142578 0.28410694003105164 0.4262777268886566
0.43374839425086975 0.1804380714893341 0.5168962478637695
-1.1647173166275024 0.6010079383850098 0.44950026273727417
-1.4184184074401855 0.6990162134170532 0.5023480653762817
0.622509777545929 -0.012030311860144138 0.5076736211776733
-0.23902787268161774 0.04487944021821022 0.4931911826133728
0.0785439983010292 -0.06645344197750092 0.5321849584579468
-0.1068197563290596 0.3497591018676758 0.5036462545394897
-0.138047993183136 0.4120054244995117 0.499050498008728
-1.47963547706604 1.0274943113327026 0.5439441204071045
-1.2991207838058472 0.5863099694252014 0.4674135148525238
0.5295167565345764 0.785081684589386 0.5894345641136169
-1.2481153011322021 0.5378620624542236 0.45010828971862793
0.7214139699935913 0.0107693150639534 0.49858367443084717
1.1579118967056274 0.9334735870361328 0.6515583992004395
-1.1065340042114258 -0.18755055963993073 0.3918474018573761
0.9239495992660522 0.34425944089889526 0.5179542303085327
0.596829891204834 0.9087328314781189 0.6184965372085571
-1.580268383026123 0.18890082836151123 0.4374862015247345
0.31899186968803406 0.5757188200950623 0.5432433485984802
-0.059919871389865875 0.6212191581726074 0.5137642621994019
-1.42668616771698 0.039796456694602966 0.40215468406677246
-1.053268551826477 0.2824164927005768 0.4032237231731415
-1.607492446899414 1.042853832244873 0.5555227994918823
-0.554160475730896 0.7215019464492798 0.45089930295944214
-1.1519569158554077 0.9049590826034546 0.5119948387145996
0.6260089874267578 0.2145436704158783 0.5126567482948303
0.14178398251533508 -0.0340125598013401 0.5291294455528259
0.6867287755012512 0.7931724190711975 0.6042008399963379
-1.0662895441055298 0.8792809247970581 0.5009888410568237
-1.0394225120544434 0.0735449492931366 0.3982539176940918
-1.1872140169143677 0.9734731316566467 0.5226902961730957
0.697562038898468 -0.024859057739377022 0.5012214183807373
-0.3991290330886841 0.296630322933197 0.4656524956226349
0.8217310309410095 1.0577503442764282 0.6440653204917908
0.9750224351882935 1.0345098972320557 0.6472998857498169
0.15080636739730835 0.8396086692810059 0.552047848701477
0.8030582070350647 0.4272124171257019 0.5399755239486694
0.16011551022529602 -0.0888284370303154 0.5303242206573486
-0.667429506778717 0.5079305768013 0.4177502989768982
0.7344098687171936 0.14416268467903137 0.5023055076599121
-0.2998895049095154 0.7291724681854248 0.48170530796051025
0.6176896095275879 1.018882155418396 0.6317718625068665
-1.4466979503631592 0.9016059637069702 0.5339715480804443
0.3958267569541931 0.5604004263877869 0.5452857613563538
-0.6702322363853455 0.8616371750831604 0.4752383530139923
-1.486312747001648 0.7204763889312744 0.5111773014068604
-1.268660545349121 -0.14874304831027985 0.38173890113830566
-0.0441877506673336 0.7183034420013428 0.5196948051452637
-0.9736599922180176 0.36356574296951294 0.4032357335090637
-1.603884220123291 0.6421176791191101 0.5106135606765747
-1.4602211713790894 0.10880295187234879 0.4129682183265686
-0.30032962560653687 0.05481807142496109 0.485224187374115
-1.7748326063156128 0.9135692715644836 0.5567028522491455
-1.080275297164917 0.7272453308105469 0.4652368128299713
-0.9434571862220764 0.6996024250984192 0.43643930554389954
0.022062750533223152 -0.028731314465403557 0.5283172130584717
0.7304199934005737 0.9403430223464966 0.6289288401603699
-0.3532067537307739 0.3173731863498688 0.47138699889183044
0.7009682655334473 0.9436915516853333 0.6283603310585022
-0.10994299501180649 0.9294644594192505 0.5194758176803589
-0.9166736602783203 0.09603220969438553 0.403331458568573
0.06425262242555618 0.04610993340611458 0.5284162163734436
-0.835669994354248 0.5793682932853699 0.3999802768230438
0.6417235136032104 0.5030829310417175 0.5485110282897949
-0.8057665824890137 0.384227454662323 0.3973744809627533
-0.17220325767993927 0.7449509501457214 0.5018802881240845
-0.30430424213409424 0.9330036640167236 0.4953688085079193
-1.1810946464538574 0.05597646161913872 0.3915579319000244
1.0005165338516235 0.8781057000160217 0.6360473036766052
-1.5365880727767944 0.677509605884552 0.5097497701644897
-1.342022180557251 -0.1881379336118698 0.3826206624507904
0.3544308841228485 -0.03360968828201294 0.5215349197387695
1.0047481060028076 0.6544587016105652 0.6118547916412354
0.2121107578277588 0.9990162253379822 0.5662665367126465
-1.730635643005371 0.3103819489479065 0.4740617275238037
-0.14366500079631805 1.0050971508026123 0.5179023742675781
-0.9625690579414368 0.7982439398765564 0.4693933129310608
1.1368739604949951 0.6343664526939392 0.6182382702827454
-1.4431662559509277 0.913460910320282 0.5344828367233276
0.3808062672615051 0.37799695134162903 0.5267399549484253
0.7269538044929504 0.27445608377456665 0.5138604640960693
-0.9686889052391052 0.0557064525783062 0.4013209342956543
0.2157127559185028 0.45875856280326843 0.5299080610275269
0.1020052582025528 0.4893803000450134 0.5281369686126709
0.3546935021877289 0.906764805316925 0.5839813947677612
-1.7098066806793213 -0.04402267560362816 0.4359076917171478
-0.6402901411056519 0.06945544481277466 0.43517568707466125
-1.0242220163345337 0.17824621498584747 0.4005872309207916
0.6080654859542847 0.009102188050746918 0.5086381435394287
-1.280609130859375 0.4882609248161316 0.4444270431995392
-1.6592381000518799 -0.15552003681659698 0.4200826585292816
-0.26200801134109497 0.39352044463157654 0.48213472962379456
0.37399962544441223 0.1385970562696457 0.5175094604492188
-1.5674340724945068 0.02974257804453373 0.4216691851615906
-0.08806075155735016 0.11595843732357025 0.5102932453155518
-0.360509991645813 0.023047445341944695 0.47798869013786316
-1.7093793153762817 0.39360156655311584 0.4817867577075958
-0.18940448760986328 0.8416479229927063 0.5052618384361267
0.03615400195121765 0.890282928943634 0.5375831127166748
-0.8476619720458984 0.12175294756889343 0.4056459665298462
0.5336902737617493 0.3928433358669281 0.5295704007148743
-1.7098066806793213 -0.04402267560362816 0.4359076917171478
0.6975861191749573 0.34529605507850647 0.5222177505493164
0.8314610719680786 0.007455441635102034 0.4893081486225128
-0.4818040132522583 0.5087172985076904 0.44697651267051697
-0.9772457480430603 0.5619474649429321 0.4166429936885834
0.794945240020752 -0.04387605935335159 0.49288618564605713
-1.231268286705017 -0.09332304447889328 0.3849966526031494
-0.840654730796814 0.7762879729270935 0.4476867914199829
0.5041726231575012 0.6894040107727051 0.569657027721405
-1.7794710397720337 0.3626636862754822 0.48714351654052734
-0.9325644373893738 -0.013726294972002506 0.40383094549179077
-0.1933751255273819 1.059683918952942 0.5145783424377441
0.05024312436580658 0.6037976741790771 0.5294042825698853
-0.8042306900024414 0.6965752840042114 0.4215300679206848
-1.1086931228637695 0.35495680570602417 0.4100629985332489
-0.7735322713851929 0.7469438314437866 0.43916982412338257
0.30482402443885803 0.6671421527862549 0.5518008470535278
-0.5961050391197205 0.14516820013523102 0.4398924708366394
-1.5062364339828491 0.9932493567466736 0.5443788766860962
0.1371547430753708 0.18457680940628052 0.5231819152832031
-1.5728343725204468 0.9159212708473206 0.5429683327674866
-0.7635834813117981 0.045537449419498444 0.41699519753456116
-1.384529948234558 0.3380367159843445 0.42969709634780884
-1.3532893657684326 1.0072059631347656 0.5323388576507568
-1.5699652433395386 0.6165909767150879 0.5028222799301147
-1.7544987201690674 0.1898166835308075 0.4629884660243988
-0.914216160774231 0.9592291712760925 0.5079195499420166
0.8375483751296997 0.9695345759391785 0.6357518434524536
-0.36918047070503235 0.9055768847465515 0.48571932315826416
-0.3935914933681488 0.10758445411920547 0.47165945172309875
-1.3311597108840942 0.46847930550575256 0.4460425078868866
-0.9062749147415161 0.35149312019348145 0.3997485041618347
1.0808265209197998 0.18916618824005127 0.4942021071910858
0.4385509788990021 0.6073789596557617 0.5534504652023315
0.8313624858856201 0.4959040880203247 0.557661771774292
-0.03807099908590317 -0.06018856540322304 0.5218851566314697
-0.6496457457542419 0.762593686580658 0.4521747827529907
1.0772371292114258 0.35894840955734253 0.5197597742080688
0.1547819972038269 0.3780052661895752 0.524852454662323
-0.10419712215662003 0.16189444065093994 0.5071092247962952
-0.6459355354309082 0.261836439371109 0.42807522416114807
-1.1671086549758911 0.16291846334934235 0.39727121591567993
0.42542001605033875 0.6992361545562744 0.5650520324707031
-1.2667512893676758 0.6358040571212769 0.4726704955101013
-1.0602049827575684 0.48031294345855713 0.4172680377960205
-1.3373255729675293 0.04648720845580101 0.3904171884059906
0.049895502626895905 0.026564685627818108 0.5288394093513489
0.9368929862976074 0.5726329684257507 0.5834404826164246
1.105051040649414 0.5418353080749512 0.5865060091018677
0.017786750569939613 0.18118207156658173 0.5215966701507568
-0.24708199501037598 0.42953744530677795 0.4836314916610718
-1.5933228731155396 0.9606282114982605 0.5496843457221985
-1.0418527126312256 0.38095492124557495 0.4078337550163269
0.1925414800643921 0.8888474106788635 0.5597960948944092
-0.5987005829811096 1.0023318529129028 0.49997931718826294
-0.702473521232605 0.0763562023639679 0.42551717162132263
0.5772705078125 0.43924665451049805 0.5361930131912231
-0.48980700969696045 0.21906644105911255 0.4540599584579468
0.49671876430511475 0.9306102395057678 0.6066063642501831
0.05201074853539467 0.7928682565689087 0.5369988083839417
0.8507707118988037 0.35997530817985535 0.5231092572212219
0.6769772171974182 0.48107030987739563 0.5473202466964722
0.12419875711202621 0.5819603204727173 0.5334622859954834
1.0225088596343994 0.9460375308990479 0.6418140530586243
-1.161224365234375 0.4035349190235138 0.417602002620697
0.661430835723877 0.6870130896568298 0.5834758281707764
-0.8292864561080933 0.07268795371055603 0.40843743085861206
-1.5528686046600342 0.5165546536445618 0.48266276717185974
-0.23265314102172852 0.5251901745796204 0.485456258058548
0.9028557538986206 1.080689549446106 0.6491743922233582
-0.5652655363082886 0.9270321726799011 0.486339807510376
-1.644481897354126 1.0269533395767212 0.5578011274337769
1.0439984798431396 1.0906741619110107 0.6551433801651001
0.3195909857749939 0.041587188839912415 0.5207951664924622
-1.3167269229888916 0.16114209592342377 0.39742347598075867
0.7701522707939148 0.9996840953826904 0.6365718841552734
0.6632872223854065 0.9544411897659302 0.6283228397369385
-1.1407989263534546 0.3043949604034424 0.4071517586708069
0.7715889811515808 0.3353375494480133 0.5189927816390991
-1.0626283884048462 0.6780362129211426 0.449241578578949
-0.8242210745811462 0.7953224778175354 0.453412801027298
-1.3921247720718384 0.9305439591407776 0.531462550163269
-0.7565894722938538 0.33990931510925293 0.40679875016212463
-0.07634224742650986 0.7777449488639832 0.5178925395011902
-1.4165245294570923 0.4901495575904846 0.46114277839660645
-0.48420950770378113 0.019964320585131645 0.46004870533943176
-0.2757349908351898 0.2987414300441742 0.48218226432800293
-1.7681150436401367 0.25308769941329956 0.4721831977367401
-0.06296099722385406 1.0272778272628784 0.5276033878326416
-1.2975400686264038 0.1834697276353836 0.3979049623012543
-0.5348480343818665 0.6701699495315552 0.4446360468864441
-0.8564401268959045 0.6771341562271118 0.41652578115463257
-0.6100144982337952 0.8910715579986572 0.48101481795310974
-0.9870922565460205 0.10745995491743088 0.4007682204246521
1.0637842416763306 1.0410377979278564 0.6514448523521423
-0.33735400438308716 0.9601600170135498 0.49308809638023376
0.4561609923839569 0.998529314994812 0.6053208112716675
-0.5989130139350891 0.6886499524116516 0.44008904695510864
0.23084212839603424 0.8305153250694275 0.5614815950393677
-1.3492214679718018 -0.039486292749643326 0.3872104287147522
0.9067647457122803 1.0255415439605713 0.6439063549041748
0.6677700281143188 0.0757313221693039 0.5028286576271057
-0.28274574875831604 0.6797252893447876 0.4809235632419586
-1.6518261432647705 0.13602720201015472 0.44313496351242065
0.13103124499320984 0.9692086577415466 0.5526143312454224
-0.24983814358711243 0.6195043921470642 0.4841402471065521
0.7832943797111511 1.0848398208618164 0.6453522443771362
-1.2869129180908203 0.8871843218803406 0.5199905633926392
-1.5868967771530151 0.5405800342559814 0.4910072386264801
0.7998057007789612 0.9962218999862671 0.6372553706169128
-1.3500068187713623 0.31455469131469727 0.42111122608184814
-0.1360587477684021 0.22444456815719604 0.5016846656799316
-0.8610996603965759 0.8774049878120422 0.48245808482170105
0.48202836513519287 0.0973556861281395 0.5145221948623657
-0.4522685110569 0.5583595633506775 0.4523400068283081
-0.657228410243988 0.11621806770563126 0.4314287304878235
-1.1771652698516846 0.36578094959259033 0.4149327278137207
-0.614325761795044 0.24002769589424133 0.43390145897865295
0.7039154767990112 0.22942031919956207 0.510770857334137
-1.3789396286010742 -0.08908703923225403 0.38915467262268066
-0.24381300806999207 0.2414860725402832 0.48771771788597107
-0.1919647604227066 -0.007826809771358967 0.5005229711532593
-0.5768120288848877 0.5851544141769409 0.43402478098869324
-0.8744199872016907 0.527295708656311 0.3998022675514221
-0.5665745735168457 0.19547207653522491 0.44287171959877014
-1.459848403930664 1.0442030429840088 0.5431588888168335
-1.0045489072799683 0.31451597809791565 0.4033057391643524
1.130920648574829 0.7436477541923523 0.6405078172683716
0.47287312150001526 0.5507447123527527 0.5476652979850769
-0.6257437467575073 0.6354594230651855 0.4293268024921417
-1.6727396249771118 0.4488968253135681 0.4852812588214874
0.22936949133872986 0.36868417263031006 0.5249321460723877
0.609961748123169 0.8119155168533325 0.6031057834625244
-1.1707890033721924 1.0155019760131836 0.527224600315094
-0.9527533650398254 0.15830057859420776 0.4020078480243683
-0.5222012400627136 1.0251880884170532 0.4977998733520508
0.20198050141334534 0.27654770016670227 0.5222052335739136
-1.793258547782898 0.08198169618844986 0.4589741826057434
0.958511233329773 0.07254018634557724 0.4861246943473816
0.25678613781929016 0.5051473379135132 0.5340582132339478
0.6849105358123779 1.0320028066635132 0.6367153525352478
-1.1293727159500122 0.0982753336429596 0.3954797089099884
-0.6953914761543274 0.36810457706451416 0.4153812527656555
-1.689055323600769 0.49919572472572327 0.49577975273132324
-0.9663029313087463 1.0135395526885986 0.5232829451560974
-0.7250142693519592 0.3172324597835541 0.41305622458457947
0.8956016302108765 0.028127819299697876 0.48525869846343994
-0.7138142585754395 -0.09091904759407043 0.4267484247684479
-0.22624912858009338 0.14818045496940613 0.49220770597457886
-1.4533162117004395 0.7811838388442993 0.5172212719917297
0.8058754801750183 0.3050214350223541 0.5147032737731934
0.773486316204071 0.6551114320755005 0.5892370343208313
-1.2026087045669556 0.8619644641876221 0.510735034942627
0.08580025285482407 0.1030673086643219 0.5262454748153687
0.031842250376939774 0.32345443964004517 0.5207797288894653
-0.924796998500824 0.45101723074913025 0.40059223771095276
-0.8148034811019897 0.5972825884819031 0.40120601654052734
0.1941797435283661 0.06484954804182053 0.5240992307662964
-1.5300099849700928 0.11823546141386032 0.42390671372413635
0.2734527587890625 0.8779051899909973 0.5707731246948242
0.18001651763916016 0.5145754218101501 0.5319697856903076
-1.4041199684143066 0.23186595737934113 0.4161847233772278
0.6804516911506653 0.023647939786314964 0.5020171999931335
-0.1494072526693344 0.12960344552993774 0.5022644996643066
-1.3702431917190552 0.8321719169616699 0.5199586153030396
0.25331249833106995 0.9310246109962463 0.5703235864639282
-0.6194778680801392 0.43386369943618774 0.4252232313156128
-1.6718002557754517 0.6616441011428833 0.5198973417282104
-1.082395076751709 0.23078644275665283 0.4011346995830536
-0.42948848009109497 0.7362738847732544 0.4645938277244568
-0.10811049491167068 0.7285606265068054 0.5105530619621277
0.19479164481163025 0.42427992820739746 0.5275595188140869
0.8262258768081665 0.6104206442832947 0.5838862657546997
-1.6135706901550293 0.223169207572937 0.4458751976490021
-0.23924601078033447 0.920276939868927 0.5028190612792969
-1.1508036851882935 0.20254021883010864 0.3992771804332733
-0.32751700282096863 0.5566040277481079 0.471445769071579
0.697563111782074 1.0302170515060425 0.6369878649711609
-1.5542716979980469 0.7554275393486023 0.5214018225669861
-0.4911399781703949 0.7105727195739746 0.45485079288482666
-0.7123870253562927 0.7734639048576355 0.4510057866573334
-1.4608752727508545 -0.049268290400505066 0.40022143721580505
-0.7193912863731384 0.12337395548820496 0.4216296970844269
0.824497640132904 0.08081894367933273 0.49276092648506165
-0.6786210536956787 0.7120880484580994 0.43715882301330566
-0.733032763004303 0.8738594055175781 0.4780493378639221
-1.6895267963409424 1.036808967590332 0.5620965957641602
1.102538824081421 1.010783314704895 0.6510586142539978
-1.0099093914031982 0.5121825933456421 0.41523778438568115
-0.500056266784668 0.6055744886398315 0.4459037780761719
-0.6754677891731262 0.21157820522785187 0.42544645071029663
-0.09935600310564041 -0.05040469020605087 0.5136271715164185
-1.2293051481246948 0.4146984815597534 0.4242370128631592
-0.6628552675247192 0.3090081810951233 0.4234669804573059
-0.21886727213859558 0.6692625284194946 0.49023357033729553
-0.42308637499809265 0.053060565143823624 0.4686889350414276
-0.5113917589187622 -0.13662655651569366 0.45863643288612366
0.3010008633136749 -0.07016132026910782 0.5244506597518921
0.10747937113046646 0.6730072498321533 0.5373855233192444
-0.527408242225647 0.46941742300987244 0.43981125950813293
1.0502033233642578 0.701222836971283 0.6277375221252441
0.6277316212654114 0.5487299561500549 0.5550167560577393
-0.3234184980392456 0.36653417348861694 0.47428426146507263
-0.7226384878158569 0.6727017164230347 0.4223920702934265
-0.6221017241477966 -0.04082755371928215 0.44005194306373596
-1.6413865089416504 0.38332444429397583 0.47134023904800415
-1.6562297344207764 0.8371356129646301 0.5392078161239624
0.6450960040092468 0.7366379499435425 0.5914462804794312
-1.525942087173462 -0.17690803110599518 0.403712660074234
-1.7393203973770142 0.6250500679016113 0.5215127468109131
0.8926869630813599 0.0037739428225904703 0.48438721895217896
0.4096745252609253 0.06564243882894516 0.5173236727714539
-1.6548290252685547 0.5511024594306946 0.5005197525024414
-1.31878662109375 0.766279935836792 0.5061148405075073
-1.7075212001800537 0.9424974322319031 0.5549622774124146
0.8538433909416199 0.6797940731048584 0.6023655533790588
0.0040060002356767654 0.8397039771080017 0.5321688652038574
-1.1126974821090698 0.5530184507369995 0.4342607855796814
0.5542776584625244 0.8567214012145996 0.6052107810974121
-0.04289237782359123 0.15410193800926208 0.514937162399292
-1.7229409217834473 0.5235034823417664 0.5037165284156799
0.6713875532150269 0.8953985571861267 0.6210648417472839
0.7825639843940735 0.5636228919029236 0.5693981647491455
-0.9267493486404419 0.6498218178749084 0.419564813375473
0.42519208788871765 -0.045101065188646317 0.5192461609840393
-1.7822754383087158 -0.12059493362903595 0.4397619068622589
-1.0118123292922974 0.7103522419929504 0.45016780495643616
-0.25826749205589294 0.20519869029521942 0.4867919385433197
-0.18513599038124084 0.4563281834125519 0.49236178398132324
-0.815136730670929 0.1699339598417282 0.40645596385002136
0.22835050523281097 0.12444731593132019 0.5216002464294434
-1.4698750972747803 0.9389875531196594 0.5383013486862183
0.7591339945793152 0.3809654414653778 0.5283527374267578
0.6179032325744629 0.6402699947357178 0.5705060362815857
-1.3187628984451294 -0.15874554216861725 0.3812171518802643
-1.551970362663269 -0.04343954473733902 0.4131554365158081
0.06921562552452087 1.022119164466858 0.5436403751373291
0.36118775606155396 0.6226887106895447 0.5507415533065796
-1.757380723953247 0.47129467129707336 0.49938347935676575
-0.836013913154602 0.2659594714641571 0.40116217732429504
-0.9804900884628296 0.26610735058784485 0.4016929566860199
-0.4833561182022095 0.8597488403320312 0.4768860638141632
-1.3921247720718384 0.9305439591407776 0.531462550163269
-0.9836196899414062 -0.1159549206495285 0.4007928967475891
-1.5360110998153687 0.4668751657009125 0.47133350372314453
-0.17504237592220306 0.94911789894104 0.5120848417282104
0.8702687621116638 -0.04973655566573143 0.4863097071647644
-1.773522973060608 0.5730298161506653 0.5172082781791687
-1.512679934501648 -0.12673017382621765 0.4035116732120514
-0.7937610149383545 0.8458479642868042 0.46967634558677673
-1.1276986598968506 0.45429742336273193 0.4207744896411896
-1.4362505674362183 -0.13406617939472198 0.39454689621925354
-0.7693307399749756 0.2409992218017578 0.4095219671726227
-1.7567895650863647 0.7109861969947815 0.5333797931671143
1.1121044158935547 1.0759042501449585 0.6565548181533813
0.9582124948501587 0.7897642254829407 0.62668776512146
-0.659579873085022 0.9729295969009399 0.4981268346309662
-0.5393505096435547 0.3230384290218353 0.4427122473716736
0.6495177149772644 0.4125864505767822 0.5341755151748657
0.9858755469322205 0.3800261616706848 0.5274407267570496
0.12238425016403198 0.07628355920314789 0.5260009169578552
0.0682850033044815 0.6230641603469849 0.5319675207138062
-0.34808149933815 0.12852543592453003 0.47728171944618225
0.5489822626113892 0.04202468693256378 0.512805163860321
1.0485881567001343 0.002280943561345339 0.47543418407440186
0.8813241720199585 0.8084226250648499 0.6212090849876404
-1.6627421379089355 1.0113580226898193 0.5584423542022705
0.004277749918401241 0.08162755519151688 0.5228259563446045
-0.22196650505065918 0.8654583096504211 0.5021750926971436
0.330003023147583 0.2555924355983734 0.5204507112503052
-0.375312864780426 0.0009829433402046561 0.4764176905155182
-1.216262936592102 0.7115734219551086 0.48162856698036194
-0.775018036365509 -0.12448004633188248 0.41794314980506897
-1.1341791152954102 0.8498115539550781 0.5025542974472046
-0.9979439973831177 0.8601663708686829 0.4907158315181732
0.16875812411308289 0.7458807229995728 0.547177791595459
-0.29195600748062134 0.3447384238243103 0.4790322184562683
-0.31355398893356323 -0.029895806685090065 0.48551344871520996
0.08213149756193161 0.3499530851840973 0.5232239961624146
0.37479546666145325 1.0171068906784058 0.5934370756149292
-1.3337516784667969 0.6668978929519653 0.48864617943763733
-1.4414691925048828 0.16229520738124847 0.41486871242523193
0.46102333068847656 0.6423971652984619 0.5593700408935547
0.5779308676719666 0.9603109359741211 0.6213493347167969
-0.8543384671211243 0.4793722331523895 0.3953692615032196
-0.895114541053772 0.8246812224388123 0.46903136372566223
-0.8090698719024658 -0.03566104546189308 0.41234666109085083
0.26644349098205566 0.6891396641731262 0.5509942770004272
-0.4159766435623169 0.3427519202232361 0.4616827368736267
1.0353957414627075 0.7775730490684509 0.6332360506057739
-0.2532605230808258 0.0020688162185251713 0.49246519804000854
-0.05600162595510483 0.0498511865735054 0.5161432027816772
-0.9825600385665894 0.9714985489845276 0.5140185952186584
0.6186147332191467 0.31932204961776733 0.52049720287323
-0.07022800296545029 0.007188062183558941 0.5156369209289551
-0.8428406119346619 -0.09363517165184021 0.4100976288318634
-1.6864150762557983 -0.19873254001140594 0.421614408493042
-0.4716126024723053 0.12510180473327637 0.45963022112846375
0.28121262788772583 0.5976924300193787 0.5434192419052124
0.8757504820823669 0.5426255464553833 0.5713195204734802
-1.047204852104187 0.7775184512138367 0.47445717453956604
0.5530090928077698 0.5756056904792786 0.5550535917282104
0.952317476272583 0.2505865693092346 0.5047867298126221
0.24797450006008148 0.01127456035465002 0.5239979028701782
0.28355610370635986 -0.015233814716339111 0.5235559344291687
-0.8828452825546265 0.14587046205997467 0.40401121973991394
-0.4986460208892822 -0.023322053253650665 0.45861318707466125
-0.9472137093544006 0.9029064774513245 0.4962036907672882
-1.62158203125 0.7219797372817993 0.5229545831680298
-0.9787971377372742 0.7606830596923828 0.4602275490760803
-0.09173112362623215 0.6797875761985779 0.5106887817382812
-0.41047075390815735 0.15371394157409668 0.4680744707584381
-1.5219835042953491 0.3627494275569916 0.45244500041007996
-0.8121711611747742 0.8992794752120972 0.4864782989025116
-1.6949987411499023 -0.12950854003429413 0.42652764916419983
0.7728760242462158 -0.030719058588147163 0.4946446716785431
-0.6332194805145264 0.35952043533325195 0.4259304702281952
-1.6397993564605713 0.898678719997406 0.5451965928077698
0.5635947585105896 -0.07581205666065216 0.5135737061500549
0.28958237171173096 0.7847884297370911 0.5634818077087402
-0.9359989166259766 0.3040284812450409 0.4008277654647827
-0.1556044965982437 0.6963529586791992 0.50157630443573
0.9116259813308716 0.3898359537124634 0.5306482315063477
-1.198814868927002 0.6622754335403442 0.4673507809638977
-0.8226740956306458 0.36372849345207214 0.3970877528190613
1.056687831878662 0.6096505522727966 0.6036190390586853
-0.7509693503379822 0.9287499785423279 0.49203208088874817
-0.7414260506629944 0.7228405475616455 0.4344208240509033
0.6975252032279968 0.6649008989334106 0.583369791507721
0.16011551022529602 -0.0888284370303154 0.5303242206573486
-1.4821021556854248 1.0222371816635132 0.5438741445541382
-1.1248433589935303 -0.1311337947845459 0.39120692014694214
-1.3808448314666748 0.972627580165863 0.5327315926551819
0.684733510017395 0.3907272219657898 0.5305073857307434
-0.6468102931976318 1.0564603805541992 0.5137366056442261
-1.4816974401474 -0.037477921694517136 0.4037129282951355
0.07044249773025513 0.8120167851448059 0.5402492880821228
0.4119349718093872 0.5148119330406189 0.5403378009796143
-1.3899437189102173 0.11383408308029175 0.40321847796440125
0.8558980226516724 0.2287883162498474 0.5056127309799194
-0.2650594711303711 0.5832091569900513 0.48128828406333923
-1.7748326063156128 0.9135692715644836 0.5567028522491455
-1.588449239730835 0.800887405872345 0.5297592878341675
0.5542698502540588 0.2549654543399811 0.5172321796417236
-0.25356051325798035 0.816058874130249 0.4947018027305603
0.3909927308559418 0.023258937522768974 0.5189194083213806
-1.6377620697021484 0.5895509123802185 0.5053027868270874
0.31270039081573486 0.8558492064476013 0.574073851108551
0.5727735161781311 0.07831181585788727 0.5105589628219604
1.0854015350341797 0.6791653037071228 0.6260597705841064
-1.4495141506195068 -0.18424904346466064 0.39474818110466003
0.5248286128044128 0.4834160804748535 0.5397972464561462
-0.6277070045471191 0.16681921482086182 0.43432047963142395
-1.6189351081848145 -0.12069004774093628 0.41660162806510925
-0.014095248654484749 0.38993391394615173 0.5160536766052246
-1.2582927942276 0.23762106895446777 0.4015921950340271
-0.8462485074996948 0.9887206554412842 0.5128971338272095
-0.3711637258529663 0.41066479682922363 0.46613824367523193
-1.3486464023590088 0.5172907114028931 0.4586234986782074
0.003517999779433012 0.6473072171211243 0.524469792842865
0.016690749675035477 0.3688018321990967 0.5198147892951965
-0.5168600082397461 0.08568882197141647 0.453633189201355
-0.060442373156547546 0.43364593386650085 0.5097492337226868
-0.7376455068588257 0.21914969384670258 0.41541409492492676
-0.46143999695777893 1.054502248764038 0.4963807463645935
0.6577594876289368 -0.08115743100643158 0.5055801868438721
-0.14065900444984436 0.7943204045295715 0.5094617605209351
0.5173255205154419 1.0966728925704956 0.6229260563850403
-0.5253289341926575 0.7717267274856567 0.46244728565216064
-0.47393202781677246 0.9711313843727112 0.48866307735443115
-1.6046918630599976 0.4388735592365265 0.4748692214488983
-1.2738096714019775 1.0545130968093872 0.5324127674102783
0.3467092514038086 0.7150874137878418 0.5607062578201294
-0.8239770531654358 -0.1491958051919937 0.4123711585998535
0.3019264042377472 0.1555018126964569 0.5195825099945068
-0.35625648498535156 1.0710251331329346 0.49812260270118713
0.6523920297622681 1.0977699756622314 0.6417263746261597
-0.7832285165786743 0.6458073258399963 0.4091625511646271
-1.3703490495681763 0.2051921933889389 0.408456951379776
0.17658649384975433 0.022630060091614723 0.526009202003479
-1.4052634239196777 0.8752738833427429 0.5284618139266968
-0.3808459937572479 0.20342543721199036 0.47077348828315735
-1.0841715335845947 0.9343679547309875 0.5120078325271606
-0.24708199501037598 0.42953744530677795 0.4836314916610718
-0.26894277334213257 0.779023289680481 0.4899272918701172
-0.09285800158977509 0.8747890591621399 0.5199723243713379
0.777717649936676 0.2025826871395111 0.5058049559593201
-0.07596863061189651 0.3979995548725128 0.5076559782028198
-1.166709065437317 0.7991279363632202 0.4956880807876587
-1.3023024797439575 0.7836776971817017 0.508197546005249
-1.7213325500488281 0.1471194326877594 0.45419371128082275
-0.43915438652038574 0.6327053904533386 0.455445796251297
-0.045031748712062836 0.9167477488517761 0.5273021459579468
0.6463538408279419 0.023595813661813736 0.5050351619720459
-0.6590902805328369 0.6609939336776733 0.4272635281085968
-0.34120550751686096 0.46005091071128845 0.4698607921600342
-0.8628860116004944 0.01828620582818985 0.4075544476509094
0.7096935510635376 0.8801574110984802 0.618656575679779
-0.22110062837600708 -0.0655893087387085 0.4982611835002899
0.47653475403785706 1.040444016456604 0.6117709875106812
0.8620765209197998 0.5882554650306702 0.5815709829330444
-0.6508750319480896 0.4576128423213959 0.41943851113319397
-0.4951730966567993 0.40944069623947144 0.44638046622276306
-1.4685688018798828 0.6526473760604858 0.4990358054637909
-0.06040375307202339 0.8143274784088135 0.5220723152160645
-1.1957247257232666 0.46531492471694946 0.4297935366630554
-1.3519704341888428 -0.10444080084562302 0.38577866554260254
0.5034545063972473 0.3006495535373688 0.5201774835586548
-0.42866986989974976 0.24729794263839722 0.46272167563438416
-1.558009386062622 0.30770444869995117 0.4495384693145752
0.04808662459254265 0.417999804019928 0.523570716381073
0.038212623447179794 -0.08414457738399506 0.5316146612167358
-1.3666189908981323 0.6155735850334167 0.4813912510871887
0.27998125553131104 0.3015836775302887 0.5219625234603882
0.5849196314811707 0.7151204943656921 0.5813208222389221
-1.2838144302368164 0.685242235660553 0.4858933091163635
0.26528775691986084 0.09636294096708298 0.5211104154586792
-0.20184212923049927 0.5740452408790588 0.4908752739429474
-0.8674753904342651 0.21888494491577148 0.40269121527671814
-0.2869102656841278 0.8779972195625305 0.4942445755004883
0.5489822626113892 0.04202468693256378 0.512805163860321
-0.6277857422828674 0.9460791945457458 0.4915061891078949
-0.391198992729187 0.5837478041648865 0.4619600176811218
-0.40719524025917053 0.998751699924469 0.489335834980011
-1.1248433589935303 -0.1311337947845459 0.39120692014694214
-0.03807099908590317 -0.06018856540322304 0.5218851566314697
-0.07584862411022186 0.5854007601737976 0.510411262512207
0.146135613322258 0.6513088941574097 0.5393062829971313
-0.46027350425720215 0.2688329219818115 0.45713022351264954
-1.2351328134536743 0.8097139000892639 0.5062890648841858
-0.543946385383606 0.5186529159545898 0.43741127848625183
-1.3550409078598022 0.09695420414209366 0.39675796031951904
-1.6395750045776367 -0.039807047694921494 0.4260926842689514
-0.606290876865387 0.5349074602127075 0.4281357526779175
0.0011441245442256331 0.2742350399494171 0.5179729461669922
0.3134544789791107 1.070747971534729 0.5859643816947937
-1.7418608665466309 0.9998419284820557 0.5635694265365601
-1.250738501548767 0.735344409942627 0.49200454354286194
-0.6590902805328369 0.6609939336776733 0.4272635281085968
1.012284517288208 0.5627459287643433 0.5864371061325073
-1.6209667921066284 0.48897695541381836 0.48582974076271057
1.019766092300415 -0.04343005642294884 0.4739561676979065
-1.742052674293518 0.41972267627716064 0.48961347341537476
-1.5388764142990112 0.9896289110183716 0.5469378232955933
-0.9583790898323059 0.4000919461250305 0.4029419720172882
-0.6377083659172058 0.8373565673828125 0.4702206254005432
0.7535678744316101 1.0883467197418213 0.6446443796157837
0.20978723466396332 0.7943809032440186 0.5555140972137451
-1.6245416402816772 -0.1169763058423996 0.4175834059715271
-1.3418476581573486 1.049715280532837 0.5338631272315979
-0.5885393619537354 0.7888620495796204 0.46188831329345703
-1.1187478303909302 0.9612857103347778 0.5182325839996338
-0.6887206435203552 0.9166256785392761 0.48744985461235046
0.9977473616600037 0.3315574526786804 0.5135438442230225
0.018192250281572342 0.5547745823860168 0.5236434936523438
-0.6858938336372375 0.6071374416351318 0.41859227418899536
0.5842294692993164 -0.02652006223797798 0.5112771987915039
-0.7319559454917908 0.020251577720046043 0.42238616943359375
-0.7698332071304321 1.0392779111862183 0.5213369131088257
-0.28239986300468445 -0.05575906112790108 0.4901067018508911
-1.4006879329681396 0.6395242214202881 0.48982277512550354
0.32868510484695435 0.7621358036994934 0.5649498105049133
0.12925361096858978 0.7683627009391785 0.5446678400039673
0.8822541236877441 0.45160192251205444 0.5484331250190735
-0.5144320130348206 0.568561315536499 0.44302424788475037
-0.27310413122177124 0.989006519317627 0.5023168325424194
0.21268774569034576 -0.04544306546449661 0.5269781947135925
-0.697018027305603 -0.14583204686641693 0.43009939789772034
-0.44753900170326233 0.36453473567962646 0.4558897316455841
-1.220522403717041 0.9171251654624939 0.5182878971099854
-0.7001879811286926 0.5693075656890869 0.41503825783729553
0.17830950021743774 0.23925958573818207 0.5223547220230103
-1.4370243549346924 0.8240299820899963 0.5224275588989258
-1.0360925197601318 -0.15469890832901 0.3970753848552704
-0.8306472897529602 1.0099644660949707 0.5180413722991943
-0.5609647631645203 -0.007544675841927528 0.4488396942615509
-1.2633882761001587 0.43915992975234985 0.43169498443603516
0.838054895401001 0.40530356764793396 0.5348172187805176
1.0307611227035522 0.28888294100761414 0.5064047574996948
0.20330499112606049 0.6070841550827026 0.5397167205810547
-0.33150285482406616 0.08064994215965271 0.48065516352653503
0.31270039081573486 0.8558492064476013 0.574073851108551
-1.5424591302871704 0.2554944157600403 0.43990546464920044
-0.924796998500824 0.45101723074913025 0.40059223771095276
-0.4772018790245056 0.31507545709609985 0.4530147314071655
0.6478778719902039 1.0422314405441284 0.6361140608787537
-0.7693307399749756 0.2409992218017578 0.4095219671726227
0.04740949720144272 0.2288869470357895 0.5232217311859131
-0.7910428643226624 0.4922747015953064 0.3980965316295624
-0.31883925199508667 0.17777131497859955 0.4798879623413086
0.8813241720199585 0.8084226250648499 0.6212090849876404
-0.07850325107574463 0.9854393601417542 0.524868369102478
-0.0451551228761673 0.3418205976486206 0.5118282437324524
-1.2136059999465942 0.5140650868415833 0.4409952759742737
-0.2079702615737915 0.97626793384552 0.5092771053314209
1.0046640634536743 1.031026005744934 0.6481220722198486
0.8123470544815063 0.16012831032276154 0.5005686283111572
-1.0781837701797485 0.5291962027549744 0.42611101269721985
-1.681189775466919 -0.18318180739879608 0.42161792516708374
-0.4206857681274414 0.5351154804229736 0.45691078901290894
-0.44110336899757385 0.9441903829574585 0.4847562909126282
-0.031399499624967575 1.0832451581954956 0.5322564840316772
-1.4847196340560913 0.5001590847969055 0.47140127420425415
-1.4117953777313232 -0.10008842498064041 0.39263564348220825
0.37071236968040466 0.8107130527496338 0.5758635401725769
-0.9923161864280701 0.46280932426452637 0.40805214643478394
-0.4205929636955261 0.8879550695419312 0.4803520739078522
0.6071044206619263 0.07968169450759888 0.5078604221343994
0.45535776019096375 0.3683414161205292 0.5264017581939697
-0.7932403683662415 -0.013313171453773975 0.4139189124107361
0.5233834981918335 0.1572064459323883 0.5138075351715088
0.09102437645196915 0.9125051498413086 0.5455523729324341
0.8160237669944763 0.0070596905425190926 0.4905656576156616
1.0024272203445435 0.15401293337345123 0.49306222796440125
-1.1479172706604004 0.7009004950523376 0.4685762822628021
-0.6516627669334412 -0.09964867681264877 0.43641015887260437
1.1100200414657593 0.45091941952705383 0.5541850924491882
-1.0454806089401245 0.5789682865142822 0.42840415239334106
-1.0156161785125732 0.9151819348335266 0.5038223266601562
-1.058491826057434 0.12591758370399475 0.39867496490478516
-1.3663463592529297 0.4162413477897644 0.4399987459182739
-0.1787469983100891 0.07669331133365631 0.4999466836452484
-0.27117037773132324 0.1099199429154396 0.4875262379646301
-1.1830699443817139 0.7617003321647644 0.48860305547714233
0.03556399792432785 0.6963344812393188 0.5308167934417725
-1.591749668121338 0.332280695438385 0.4576897621154785
0.17111626267433167 0.33312246203422546 0.5232235193252563
-0.6086851358413696 0.04452569782733917 0.44059544801712036
0.15614549815654755 0.13303306698799133 0.5234654545783997
-0.9091854095458984 0.5510088205337524 0.4062817692756653
-0.02684762328863144 0.10750706493854523 0.518193244934082
0.6815963387489319 -0.04553843289613724 0.5029411315917969
-1.6016188859939575 0.059881825000047684 0.4292389154434204
0.33434998989105225 0.9608160853385925 0.5839641094207764
-0.5096898674964905 0.3727726936340332 0.4454764723777771
-1.4342596530914307 0.588892936706543 0.48326176404953003
0.4252278804779053 0.2754214406013489 0.5197012424468994
0.6236714720726013 -0.08120419085025787 0.5085986852645874
-0.5895527601242065 0.48564469814300537 0.42973601818084717
-0.40405499935150146 0.4869106113910675 0.45961228013038635
0.6304035186767578 0.8326689600944519 0.6084712147712708
0.019232502207159996 0.9454490542411804 0.5358796119689941
-0.1656702607870102 0.17559857666492462 0.4991152286529541
-1.1454269886016846 0.5032497644424438 0.43065378069877625
0.08908825367689133 0.7188724279403687 0.5375692844390869
-0.0280853770673275 0.6697508096694946 0.5202880501747131
0.5469840168952942 0.3476817011833191 0.5241423845291138
-0.8015055060386658 1.066198468208313 0.5310343503952026
0.49823498725891113 0.4147617220878601 0.5315172672271729
0.9502027630805969 0.527021050453186 0.5721977949142456
-1.2392393350601196 1.0276581048965454 0.529550313949585
-1.0394225120544434 0.0735449492931366 0.3982539176940918
0.10590975731611252 -0.007519314531236887 0.5294421911239624
1.092117190361023 0.5874214768409729 0.5997614860534668
-0.18677888810634613 0.6461604833602905 0.494631826877594
0.5342681407928467 0.04406968876719475 0.5135846734046936
0.3217293918132782 0.34823495149612427 0.5241362452507019
0.5160220265388489 0.5977412462234497 0.5564010143280029
-0.7993446588516235 0.18936096131801605 0.4074411988258362
-0.07449125498533249 0.21062906086444855 0.5097264647483826
0.019720248878002167 0.7441851496696472 0.5304795503616333
-1.6894235610961914 0.7512093782424927 0.5321093201637268
-0.7488889098167419 0.6192751526832581 0.41055676341056824
-1.3154419660568237 0.5675761699676514 0.4656890034675598
0.306567519903183 0.3932335674762726 0.52726149559021
0.46887049078941345 0.323087215423584 0.521818995475769
0.7517798542976379 0.47134068608283997 0.5489392280578613
-1.4734888076782227 0.24056746065616608 0.4275922179222107
-0.5362240076065063 0.9832665324211121 0.49335458874702454
-1.0968384742736816 0.6272944211959839 0.4435790181159973
0.7661041021347046 0.836233913898468 0.6155608892440796
-0.9493707418441772 -0.05720366910099983 0.402920663356781
0.0014553749933838844 1.0561078786849976 0.5352668762207031
-1.3324644565582275 0.2646288275718689 0.41079646348953247
-0.21414338052272797 0.29083192348480225 0.4902649521827698
-1.3922046422958374 -0.1392720490694046 0.3893556594848633
-1.0901248455047607 -0.07176629453897476 0.3941466808319092
-0.3577662408351898 0.5071541666984558 0.466549813747406
-1.1030672788619995 1.044918417930603 0.5309923887252808
-0.30952662229537964 0.43806320428848267 0.4747697412967682
-0.6379332542419434 0.5586654543876648 0.42403727769851685
1.030488133430481 0.42644843459129333 0.5436035394668579
-0.19677463173866272 0.19719329476356506 0.4947062134742737
-1.3077545166015625 0.9969634413719177 0.5287488698959351
-1.1147818565368652 0.7510944604873657 0.47653627395629883
-0.19983775913715363 0.3852343261241913 0.49081161618232727
0.5128301382064819 -0.0687926858663559 0.5164341926574707
0.9060550332069397 0.635090172290802 0.5972342491149902
-1.195696234703064 -0.1205095425248146 0.38671615719795227
-0.7827181816101074 0.955632209777832 0.500446081161499
-1.6973150968551636 0.2851572036743164 0.4662087559700012
0.7245722413063049 0.7721324563026428 0.6038317680358887
-0.008947250433266163 -0.002657064236700535 0.5238066911697388
0.9560530185699463 0.4362027943134308 0.5456452369689941
-0.34571748971939087 0.6525854468345642 0.4697722792625427
0.033462874591350555 0.1346001923084259 0.5239701867103577
-1.2770881652832031 0.08130995184183121 0.3899896740913391
0.10934586822986603 1.0792853832244873 0.5509533882141113
-0.9612075686454773 0.5991196036338806 0.4183347821235657
0.3482399880886078 0.4395524263381958 0.5313944816589355
-1.180820345878601 0.5638477206230164 0.44562476873397827
-0.5737169981002808 -0.12100593000650406 0.4487476348876953
0.17199324071407318 0.9426512718200684 0.558448076248169
0.8436828851699829 0.8368547558784485 0.6208573579788208
-1.2783913612365723 0.28732070326805115 0.40985822677612305
-0.15425562858581543 0.5051830410957336 0.49707528948783875
0.6718897819519043 0.11293905973434448 0.5035191774368286
0.605973482131958 0.36626482009887695 0.5261067152023315
0.36118775606155396 0.6226887106895447 0.5507415533065796
0.3713935911655426 -0.08860732614994049 0.5222734212875366
0.29397138953208923 0.4834444522857666 0.5335985422134399
0.8344719409942627 1.071771264076233 0.6458851099014282
-0.15783962607383728 0.8941349387168884 0.5120513439178467
-1.399845004081726 0.44070690870285034 0.4488183557987213
0.7438250184059143 0.0645594447851181 0.4966386556625366
-1.3543639183044434 -0.054876793175935745 0.3873171806335449
0.10013537108898163 0.20501981675624847 0.5236741900444031
-1.0510456562042236 0.9906817674636841 0.5206180810928345
-0.7806620001792908 0.09393444657325745 0.41334444284439087
-0.7429337501525879 0.4149231016635895 0.4054484963417053
0.756650447845459 -0.058368436992168427 0.4964887201786041
0.5967864990234375 0.6225767135620117 0.565552830696106
-0.9333021640777588 1.0698591470718384 0.5361759662628174
0.2320994883775711 1.0410068035125732 0.5708526372909546
0.9288450479507446 0.18859782814979553 0.4991796910762787
-0.9359132647514343 0.19584394991397858 0.4023202061653137
-0.7866575717926025 0.2880364656448364 0.4048547148704529
-0.38290736079216003 0.8024898171424866 0.4759773015975952
-0.5465250015258789 0.8717880845069885 0.4778013527393341
-0.46538203954696655 0.4597909152507782 0.4501582980155945
-0.4104209840297699 0.6845449209213257 0.46183329820632935
-1.093633770942688 0.4298439621925354 0.41501250863075256
-0.23576900362968445 0.7187944650650024 0.4906422793865204
-0.7296332120895386 0.518183171749115 0.4084330201148987
-0.38807886838912964 -0.1121293157339096 0.4769371449947357
-1.6662031412124634 0.9995452761650085 0.5580602884292603
-0.45468923449516296 0.07830320298671722 0.4632911682128906
-1.3829073905944824 0.5408738255500793 0.46758976578712463
0.23046773672103882 -0.10031456500291824 0.5279879570007324
-0.16081400215625763 -0.033637434244155884 0.5052079558372498
0.29357123374938965 0.9873541593551636 0.578869104385376
0.33557000756263733 0.530181348323822 0.5392587780952454
0.5982576012611389 0.45668694376945496 0.5395902395248413
-0.10811049491167068 0.7285606265068054 0.5105530619621277
-0.522462010383606 0.2764010727405548 0.44707176089286804
-0.14423000812530518 -0.08825943619012833 0.5088699460029602
0.15043999254703522 1.0526981353759766 0.5573973655700684
-1.5527464151382446 -0.16122892498970032 0.4072011411190033
-0.2098975032567978 0.10213581472635269 0.49538445472717285
0.4971175193786621 -0.014716561883687973 0.516068160533905
-0.26581600308418274 -0.11051555722951889 0.4935561716556549
-0.23007962107658386 0.33662307262420654 0.48741772770881653
0.13960237801074982 0.46790266036987305 0.5285162925720215
0.033318500965833664 0.509218692779541 0.5239713191986084
0.7658177614212036 1.0154271125793457 0.6379558444023132
0.6608536839485168 0.18007980287075043 0.5086169838905334
-0.012235750444233418 0.7673450708389282 0.5268263220787048
-1.6602463722229004 0.341816782951355 0.46837377548217773
0.8179709911346436 0.7025805711746216 0.6030502915382385
-0.6016589999198914 0.337179958820343 0.4320567548274994
-1.1307846307754517 0.6513267755508423 0.45353204011917114
-0.3366664946079254 0.27140018343925476 0.4750419557094574
-0.5281988978385925 -0.08195442706346512 0.4551096558570862
-1.4679678678512573 0.450658917427063 0.45953822135925293
0.9799567461013794 0.47077807784080505 0.5574487447738647
-1.3854855298995972 0.7529206871986389 0.5081073045730591
-1.411605715751648 0.9760292768478394 0.5355007648468018
0.4231623709201813 0.42436057329177856 0.5313997268676758
-1.2012991905212402 0.1091555804014206 0.3935767412185669